00 00 -1
23 00 -1
30 00 -1
00 00 -1
00 00 -1
27 00 -1
12 00 -1
16 00 -1
00 16 -1
00 00 00  
00 00 00  
00 00 -1
17 24 -1
00 00 00  
00 00 00  
00 00 00  
00 17 -1
00 00 00  
00 00 00  
15 29 -1
00 00 00  
00 00 00  
00 00 00  
00 00 00  
00 35 -1
00 00 00  
00 00 00  
00 00 00  
00 00 00  
00 00 00  
12 00 -1
00 00 -1
00 00 -1
00 07 -1
00 00 00  
00 00 00  
07 08 -1
00 00 00  
00 00 00  
07 00 -1
00 00 -1
11 00 -1
10 16 -1
00 00 00  
00 00 00  
00 00 00  
00 00 00  
00 00 00  
00 21 -1
00 00 00  
00 00 00  
00 00 00  
00 00 00  
00 05 -1
00 00 00  
00 00 00  
00 06 -1
00 00 00  
00 00 00  
00 00 00  
00 00 -1
00 03 -1
00 00 00  
00 00 00  